8802
1852
2097
4308
5280
8742
7677
6363
9665
1189
9354
9273
2067
7562
1903
5297
7075
6447
8926
3917
8001
1958
9364
4300
2747
7110
2424
8750
7371
5105
9552
8794
6763
6407
8825
8648
8804
8509
3133
1825
2258
4765
7242
1415
7096
7802
4094
5997
9304
3292
8127
1392
6850
5192
9936
4944
2280
5965
7602
9824
3194
9948
5091
5558
9651
4525
3629
7662
8027
4523
4709
8166
9797
8655
9130
7491
5174
7275
8940
9354
4170
8089
8662
1717
9708
8611
8966
7819
7101
5337
2661
6072
7805
7056
8757
8733
5824
9583
1451
5895
5917
8666
3172
4566
8455
2136
7425
7880
1337
8628
5112
8707
4765
5490
9026
7872
8826
1945
5499
1086
9575
5280
8317
2531
6700
5578
1678
2715
5709
2561
8881
8251
6321
3350
4104
5387
9428
1943
2087
8326
3335
1761
1327
6604
3160
2363
7081
2290
7099
6183
7522
7919
7849
7058
4005
3205
2863
8966
3042
2811
3647
5665
9559
2168
3184
5177
9476
2195
4205
5515
7843
5629
7536
7051
6984
7469
5299
9764
6070
2458
1733
1040
2740
1136
2062
2926
8898
9854
2772
7331
1190
3356
1937
7545
9964
1189
6917
1154
9167
9486