27011928
27902194
27844861
27654119
27276040
27936681
27371319
27929078
27241098
27908173
27797549
27342833
27549787
27980230
27054404
27538738
27345554
27481146
27084792
27229314
27426234
27481600
27801710
27415566
27773202
27821396
27277841
27625717
27908081
27069730
27235492
27166523
27525157
27807403
27500168
27470678
27120502
27036963
27538546
27753333
27089561
27673889
27842970
27833217
27661223
27763931
27168545
27016588
27510520
27784658
27043555
27826495
27241394
27677761
27875275
27937786
27155102
27483209
27603106
27793369
27670737
27055203
27982209
27865172
27982035
27275847
27083626
27667235
27610664
27993302
27635576
27017249
27205526
27839953
27874885
27876060
27212005
27380916
27871976
27410666
27866799
27046963
27534829
27206068
27852269
27832890
27467164
27380357
27498084
27488411
27419933
27049398
27447163
27348656
27424539
27862619
27473287
27106410
27478460
27033740
27260589
27880551
27878913
27245909
27331865
27810032
27563503
27429746
27652774
27491347
27837395
27614608
27085198
27570934
27541735
27310468
27073249
27457001
27306943
27142550
27307593
27933569
27460591
27599814
27778055
27006695
27254186
27642967
27503744
27496420
27474344
27293461
27286349
27155343
27202802
27384394
27656986
27701332
27515671
27378381
27131717
27097793
27560600
27691674
27191299
27177003
27534534
27762450
27924370
27759965
27850968
27135314
27575026
27689145
27296900
27989452
27527322
27963312
27326416
27087644
27292053
27163045
27022679
27087428
27166111
27331712
27644919
27845196
27009525
27141709
27527215
27712172
27371535
27201111
27234845
27189231
27434335
27836408
27407916
27770966
27440351
27521443
27962161
27442347
27267111
27001544
27199830
27472195
27349228
27258374
27614932
27970371
27473089
27242001
27387399
27728186
27969706
27246625
27402174
27737506
27466098
27763115
27489603
27117652
27218549
27071813
27869725
27661544
27883293
27915420
27203135
27691472
27688223
27465355
27042158
27607733
27777228
27401407
27438010
27315296
27303437
27815835
27569132
27488034
27003271
27017264
27077734
27533069
27193739
27615806
27941981
27738306
27757702
27257738
27396364
27132957
27182788
27094261
27661924
27149305
27466158
27402516
27298363
27750539
27240353
27345443
27669661
27977795
27061487
27976728
27154000
27495712
27445877
27899976
27576954
27149626
27169180
27431884
27828700
27742492
27882383
27070929
27557521
27822729
27917042
27074768
27886439
27081642
27193855
27491348
27291383
27515776
27653320
27097802
27980141
27576104
27819295
27971307
27683839
27676600
27355618
27258638
27823528
27704449
27519322
27001286
27484704
27534686
27027325
27433055
27011619
27665249
27027402
27507439
27652811
27216480
27123149
27288572
27234958
27430549
27894855
27251829
27498143
27946196
27084312
27718623
27329537
27217495
27326508
27923194
27893916
27707912
27372871
27976305
27934138
27859807
27204591
27320393
27797006
27030626
27063127
27135355
27591467
27120490
27410754
27571048
27078147
27454602
27688408
27273196
27521832
27619044
27035202
27341513
27505884
27384238
27189240
27347855
27941397
27132087
27523938
27003962
27651806
27028400
27570823
27733181
27498864
27628940
27949659
27366587
27162961
27604185
27876339
27958944
27152586
27158479
27522943
27852223
27282627
27887574
27553421
27959077
27295792
27173109
27068126
27377019
27877072
27100628
27874498
27327954
27347982
27177727
27449167
27812369
27282497
27077795
27087178
27968219
27973076
27758127
27257682
27597097
27405756
27029027
27910280
27450489
27509307
27835916
27777134
27022017
27315371
27367303
27235500
27111804
27480748
27005191
27672651
27377184
27689545
27486778
27329044
27063112
27267692
27121480
27882404
27732385
27417148
27517723
27245646
27574246
27150512
27093990
27750217
27147804
27353757
27918825
27627736
27694698
27295037
27417200
27037819
27621968
27377506
27149087
27570721
27842804
27783439
27999621
27814821
27723858
27728511
27416072
27241193
27641884
27462907
27495498
27269370
27157121
27425849
27525912
27458770
27224971
27809728
27572446
27345005
27177899
27444852
27267471
27294219
27579291
27962469
27373218
27631788
27782174
27028246
27787982
27183711
27923326
27539430
27091355
27256021
27617936
27508672
27702602
27200136
27298958
27816272
27917365
27673855
27028686
27960747
27240530
27150901
27535468
27054198
27843539
27210689
27524535
27470669
27135721
27684987
27863150
27493719
27241876
27437116
27504980
27884473
27150894
27880186
27460121
27588149
27239293
27804037
27215495
27245238
27558878
27623779
27370963
27667167
27511710