14 53 80 83
26 41 73 49
32 49 94 17
22 19 35 21
18 45 15 98
85 60 40 25
27 18 36 31
27 82 88 42
84 57 75 40
74 48 31 43
48 50 92 82
93 16 17 72
87 46 10 30
56 58 62 44
36 55 14 18
39 47 59 99
78 59 80 94
28 29 18 52
61 35 37 34
43 71 16 85
90 81 86 72
91 52 48 16
26 31 43 75
66 59 53 38
52 20 91 30
89 82 96 47
88 51 40 36
56 28 67 80
84 61 33 96
88 55 37 95
85 68 76 52
21 27 92 18
21 51 97 14
97 12 19 99
35 62 21 29
81 33 86 43
32 83 87 16
48 96 62 62
38 98 97 70
77 32 42 57
45 15 30 36
50 59 60 29
66 39 12 94
15 67 81 20
42 29 15 77
84 69 86 26
68 39 13 23
70 55 45 47
71 12 79 67
51 87 98 80
78 96 10 98
53 71 73 76
47 50 38 95
77 92 87 27
95 27 14 79
13 82 93 64
50 54 13 23
61 46 58 91
44 11 10 41
25 19 24 42
34 10 57 44
22 72 30 33
20 69 61 67
81 54 34 11
19 74 37 75
17 68 63 91
41 35 37 94
46 17 31 78
25 24 83 89
23 15 90 73
76 14 74 63
20 97 68 32
93 71 30 54
56 83 12 89
39 65 32 28
64 19 20 40
42 92 22 44
58 24 76 99
63 17 12 46
22 89 45 43
75 38 90 93
36 25 23 84
73 37 60 46
26 70 13 78
86 41 69 72
11 28 56 65
66 64 95 34
29 25 53 54
13 44 11 51
60 28 63 16
11 99 23 64
74 24 39 85
77 58 66 38
49 70 33 33
57 55 26 31
34 41 21 35
88 65 79 90
69 49 22 45
40 24 65 79
